Cut_HitAdc_Min = 60
iEta	iPhi	iStrip
1	1	1
1	1	2
1	1	3
1	1	4
1	1	5
1	1	6
1	1	7
1	1	8
1	1	9
1	1	10
1	1	12
1	1	13
1	1	16
1	1	17
1	1	18
1	1	19
1	1	39
1	1	41
1	1	46
1	1	47
1	1	48
1	1	49
1	1	51
1	1	52
1	1	54
1	1	56
1	1	60
1	1	61
1	1	62
1	1	64
1	1	65
1	1	68
1	1	112
1	1	114
1	1	116
1	1	117
1	1	118
1	1	119
1	1	120
1	1	123
1	1	127
1	1	128
1	2	1
1	2	2
1	2	3
1	2	4
1	2	6
1	2	7
1	2	8
1	2	9
1	2	10
1	2	11
1	2	12
1	2	13
1	2	14
1	2	15
1	2	16
1	2	17
1	2	18
1	2	19
1	2	20
1	2	21
1	2	22
1	2	23
1	2	24
1	2	25
1	2	26
1	2	27
1	2	28
1	2	29
1	2	30
1	2	31
1	2	32
1	2	33
1	2	34
1	2	35
1	2	36
1	2	37
1	2	38
1	2	39
1	2	40
1	2	41
1	2	42
1	2	43
1	2	44
1	2	45
1	2	46
1	2	47
1	2	48
1	2	49
1	2	50
1	2	51
1	2	52
1	2	53
1	2	54
1	2	55
1	2	56
1	2	57
1	2	58
1	2	59
1	2	60
1	2	61
1	2	63
1	2	64
1	2	65
1	2	66
1	2	67
1	2	68
1	2	69
1	2	70
1	2	71
1	2	72
1	2	73
1	2	74
1	2	75
1	2	76
1	2	77
1	2	78
1	2	79
1	2	80
1	2	81
1	2	82
1	2	83
1	2	84
1	2	85
1	2	86
1	2	87
1	2	88
1	2	89
1	2	90
1	2	91
1	2	92
1	2	93
1	2	94
1	2	95
1	2	96
1	2	97
1	2	98
1	2	99
1	2	100
1	2	101
1	2	102
1	2	103
1	2	104
1	2	105
1	2	106
1	2	107
1	2	108
1	2	109
1	2	110
1	2	111
1	2	112
1	2	113
1	2	114
1	2	115
1	2	116
1	2	117
1	2	118
1	2	119
1	2	120
1	2	121
1	2	122
1	2	123
1	2	124
1	2	125
1	2	126
1	2	127
1	2	128
1	3	1
1	3	2
1	3	3
1	3	4
1	3	5
1	3	6
1	3	7
1	3	8
1	3	9
1	3	10
1	3	11
1	3	12
1	3	13
1	3	14
1	3	15
1	3	16
1	3	17
1	3	18
1	3	19
1	3	21
1	3	22
1	3	23
1	3	24
1	3	25
1	3	26
1	3	27
1	3	28
1	3	29
1	3	30
1	3	31
1	3	32
1	3	33
1	3	34
1	3	35
1	3	36
1	3	37
1	3	38
1	3	39
1	3	41
1	3	42
1	3	43
1	3	44
1	3	45
1	3	46
1	3	47
1	3	48
1	3	49
1	3	50
1	3	51
1	3	52
1	3	53
1	3	54
1	3	55
1	3	56
1	3	57
1	3	58
1	3	59
1	3	60
1	3	61
1	3	62
1	3	63
1	3	64
1	3	65
1	3	66
1	3	67
1	3	68
1	3	69
1	3	71
1	3	72
1	3	73
1	3	74
1	3	75
1	3	76
1	3	77
1	3	78
1	3	79
1	3	80
1	3	81
1	3	82
1	3	83
1	3	84
1	3	85
1	3	86
1	3	87
1	3	88
1	3	89
1	3	90
1	3	91
1	3	92
1	3	93
1	3	94
1	3	95
1	3	96
1	3	97
1	3	98
1	3	99
1	3	100
1	3	101
1	3	102
1	3	103
1	3	104
1	3	105
1	3	106
1	3	107
1	3	108
1	3	109
1	3	110
1	3	111
1	3	112
1	3	113
1	3	114
1	3	115
1	3	116
1	3	117
1	3	118
1	3	119
1	3	120
1	3	121
1	3	122
1	3	123
1	3	124
1	3	125
1	3	126
1	3	127
1	3	128
2	1	1
2	1	2
2	1	3
2	1	4
2	1	5
2	1	6
2	1	7
2	1	8
2	1	9
2	1	10
2	1	11
2	1	12
2	1	13
2	1	14
2	1	15
2	1	16
2	1	17
2	1	18
2	1	19
2	1	20
2	1	21
2	1	22
2	1	23
2	1	24
2	1	25
2	1	26
2	1	27
2	1	28
2	1	29
2	1	30
2	1	31
2	1	32
2	1	33
2	1	34
2	1	35
2	1	36
2	1	37
2	1	38
2	1	39
2	1	40
2	1	41
2	1	42
2	1	43
2	1	44
2	1	45
2	1	46
2	1	47
2	1	56
2	1	57
2	1	58
2	1	59
2	1	60
2	1	61
2	1	62
2	1	63
2	1	64
2	1	65
2	1	66
2	1	67
2	1	68
2	1	69
2	1	70
2	1	71
2	1	72
2	1	73
2	1	74
2	1	75
2	1	76
2	1	77
2	1	78
2	1	79
2	1	80
2	1	90
2	1	91
2	1	92
2	1	93
2	1	94
2	1	95
2	1	96
2	1	97
2	1	98
2	1	99
2	1	100
2	1	101
2	1	102
2	1	103
2	1	104
2	1	105
2	1	106
2	1	107
2	1	108
2	1	109
2	1	110
2	1	111
2	1	114
2	1	115
2	1	116
2	1	117
2	1	118
2	1	119
2	1	120
2	1	121
2	1	122
2	1	123
2	1	124
2	1	125
2	1	126
2	1	127
2	1	128
2	2	1
2	2	2
2	2	3
2	2	4
2	2	5
2	2	6
2	2	7
2	2	8
2	2	9
2	2	10
2	2	11
2	2	13
2	2	14
2	2	15
2	2	16
2	2	17
2	2	18
2	2	19
2	2	20
2	2	21
2	2	22
2	2	23
2	2	24
2	2	25
2	2	26
2	2	27
2	2	28
2	2	29
2	2	30
2	2	31
2	2	32
2	2	34
2	2	35
2	2	36
2	2	37
2	2	38
2	2	39
2	2	40
2	2	41
2	2	42
2	2	43
2	2	44
2	2	45
2	2	46
2	2	47
2	2	48
2	2	49
2	2	50
2	2	51
2	2	52
2	2	53
2	2	54
2	2	55
2	2	56
2	2	57
2	2	58
2	2	59
2	2	60
2	2	61
2	2	62
2	2	63
2	2	64
2	2	65
2	2	66
2	2	67
2	2	68
2	2	69
2	2	70
2	2	71
2	2	72
2	2	73
2	2	74
2	2	75
2	2	76
2	2	77
2	2	78
2	2	79
2	2	80
2	2	81
2	2	82
2	2	83
2	2	84
2	2	85
2	2	86
2	2	87
2	2	88
2	2	89
2	2	90
2	2	91
2	2	92
2	2	93
2	2	94
2	2	95
2	2	96
2	2	97
2	2	98
2	2	99
2	2	100
2	2	101
2	2	102
2	2	103
2	2	104
2	2	105
2	2	106
2	2	107
2	2	108
2	2	109
2	2	110
2	2	111
2	2	112
2	2	113
2	2	114
2	2	115
2	2	116
2	2	117
2	2	118
2	2	119
2	2	120
2	2	121
2	2	122
2	2	123
2	2	124
2	2	125
2	2	126
2	2	127
2	3	7
2	3	8
2	3	9
2	3	10
2	3	11
2	3	12
2	3	13
2	3	14
2	3	15
2	3	16
2	3	17
2	3	18
2	3	19
2	3	20
2	3	21
2	3	22
2	3	23
2	3	24
2	3	25
2	3	26
2	3	27
2	3	28
2	3	29
2	3	30
2	3	31
2	3	32
2	3	33
2	3	35
2	3	36
2	3	37
2	3	38
2	3	39
2	3	40
2	3	43
2	3	44
2	3	45
2	3	46
2	3	47
2	3	48
2	3	49
2	3	50
2	3	51
2	3	52
2	3	53
2	3	54
2	3	55
2	3	56
2	3	57
2	3	58
2	3	59
2	3	60
2	3	61
2	3	62
2	3	63
2	3	64
2	3	65
2	3	66
2	3	67
2	3	70
2	3	71
2	3	72
2	3	73
2	3	74
2	3	75
2	3	76
2	3	77
2	3	78
2	3	79
2	3	80
2	3	81
2	3	82
2	3	83
2	3	84
2	3	85
2	3	86
2	3	87
2	3	88
2	3	89
2	3	90
2	3	91
2	3	92
2	3	93
2	3	94
2	3	95
2	3	96
2	3	97
2	3	98
2	3	99
2	3	100
2	3	101
2	3	102
2	3	103
2	3	104
2	3	105
2	3	106
2	3	107
2	3	108
2	3	109
2	3	110
2	3	111
2	3	112
2	3	113
2	3	114
2	3	115
2	3	116
2	3	117
2	3	118
2	3	119
2	3	120
2	3	121
2	3	122
2	3	123
2	3	124
2	3	125
2	3	126
2	3	127
2	3	128
3	1	1
3	1	2
3	1	4
3	1	5
3	1	6
3	1	7
3	1	8
3	1	9
3	1	10
3	1	11
3	1	12
3	1	13
3	1	14
3	1	15
3	1	16
3	1	17
3	1	18
3	1	19
3	1	20
3	1	21
3	1	22
3	1	23
3	1	24
3	1	25
3	1	26
3	1	27
3	1	28
3	1	29
3	1	30
3	1	31
3	1	32
3	1	33
3	1	34
3	1	35
3	1	36
3	1	37
3	1	38
3	1	39
3	1	41
3	1	42
3	1	43
3	1	44
3	1	45
3	1	46
3	1	47
3	1	48
3	1	49
3	1	50
3	1	51
3	1	52
3	1	53
3	1	54
3	1	55
3	1	56
3	1	57
3	1	58
3	1	59
3	1	60
3	1	61
3	1	62
3	1	63
3	1	64
3	1	65
3	1	66
3	1	67
3	1	68
3	1	69
3	1	70
3	1	71
3	1	72
3	1	73
3	1	74
3	1	75
3	1	76
3	1	77
3	1	78
3	1	79
3	1	80
3	1	81
3	1	82
3	1	83
3	1	84
3	1	85
3	1	86
3	1	87
3	1	88
3	1	89
3	1	90
3	1	91
3	1	92
3	1	93
3	1	94
3	1	95
3	1	96
3	1	97
3	1	98
3	1	99
3	1	100
3	1	101
3	1	102
3	1	103
3	1	104
3	1	105
3	1	106
3	1	107
3	1	108
3	1	109
3	1	110
3	1	111
3	1	112
3	1	113
3	1	114
3	1	116
3	1	117
3	1	118
3	1	119
3	1	120
3	1	121
3	1	122
3	1	123
3	1	124
3	1	125
3	1	126
3	1	127
3	1	128
3	2	1
3	2	2
3	2	3
3	2	4
3	2	5
3	2	6
3	2	7
3	2	8
3	2	9
3	2	10
3	2	11
3	2	12
3	2	13
3	2	14
3	2	15
3	2	16
3	2	17
3	2	18
3	2	19
3	2	20
3	2	21
3	2	22
3	2	23
3	2	24
3	2	25
3	2	26
3	2	27
3	2	30
3	2	31
3	2	32
3	2	33
3	2	34
3	2	35
3	2	36
3	2	37
3	2	38
3	2	39
3	2	40
3	2	41
3	2	42
3	2	43
3	2	44
3	2	45
3	2	46
3	2	47
3	2	48
3	2	49
3	2	50
3	2	51
3	2	52
3	2	53
3	2	54
3	2	55
3	2	56
3	2	57
3	2	58
3	2	59
3	2	60
3	2	61
3	2	63
3	2	64
3	2	65
3	2	67
3	2	68
3	2	69
3	2	70
3	2	71
3	2	72
3	2	73
3	2	74
3	2	75
3	2	76
3	2	77
3	2	78
3	2	79
3	2	80
3	2	81
3	2	82
3	2	83
3	2	84
3	2	85
3	2	86
3	2	87
3	2	88
3	2	89
3	2	90
3	2	91
3	2	92
3	2	93
3	2	94
3	2	95
3	2	96
3	2	97
3	2	98
3	2	99
3	2	100
3	2	101
3	2	102
3	2	103
3	2	104
3	2	105
3	2	106
3	2	107
3	2	108
3	2	109
3	2	110
3	2	111
3	2	112
3	2	113
3	2	114
3	2	115
3	2	116
3	2	117
3	2	118
3	2	119
3	2	120
3	2	121
3	2	122
3	2	123
3	2	124
3	2	125
3	2	126
3	2	127
3	2	128
3	3	1
3	3	2
3	3	3
3	3	4
3	3	5
3	3	6
3	3	7
3	3	9
3	3	10
3	3	11
3	3	12
3	3	13
3	3	14
3	3	15
3	3	16
3	3	17
3	3	19
3	3	20
3	3	21
3	3	22
3	3	23
3	3	24
3	3	25
3	3	26
3	3	27
3	3	28
3	3	29
3	3	30
3	3	31
3	3	32
3	3	33
3	3	34
3	3	35
3	3	36
3	3	37
3	3	38
3	3	39
3	3	40
3	3	42
3	3	43
3	3	44
3	3	45
3	3	46
3	3	47
3	3	48
3	3	49
3	3	50
3	3	51
3	3	52
3	3	53
3	3	54
3	3	55
3	3	56
3	3	57
3	3	58
3	3	59
3	3	60
3	3	61
3	3	62
3	3	63
3	3	64
3	3	65
3	3	66
3	3	67
3	3	68
3	3	69
3	3	70
3	3	71
3	3	72
3	3	73
3	3	74
3	3	75
3	3	76
3	3	77
3	3	78
3	3	79
3	3	80
3	3	81
3	3	82
3	3	83
3	3	84
3	3	85
3	3	86
3	3	87
3	3	88
3	3	89
3	3	90
3	3	91
3	3	92
3	3	93
3	3	94
3	3	95
3	3	96
3	3	97
3	3	98
3	3	99
3	3	100
3	3	103
3	3	104
3	3	105
3	3	106
3	3	107
3	3	108
3	3	109
3	3	110
3	3	111
3	3	112
3	3	113
3	3	114
3	3	115
3	3	116
3	3	117
3	3	118
3	3	119
3	3	120
3	3	121
3	3	122
3	3	123
3	3	124
3	3	125
3	3	126
3	3	127
3	3	128
4	1	1
4	1	2
4	1	3
4	1	4
4	1	5
4	1	6
4	1	7
4	1	8
4	1	9
4	1	10
4	1	11
4	1	12
4	1	13
4	1	14
4	1	15
4	1	16
4	1	17
4	1	18
4	1	19
4	1	20
4	1	21
4	1	22
4	1	23
4	1	24
4	1	25
4	1	26
4	1	27
4	1	28
4	1	29
4	1	30
4	1	31
4	1	32
4	1	33
4	1	34
4	1	35
4	1	36
4	1	37
4	1	38
4	1	39
4	1	40
4	1	41
4	1	42
4	1	43
4	1	44
4	1	45
4	1	46
4	1	47
4	1	48
4	1	49
4	1	50
4	1	51
4	1	52
4	1	53
4	1	54
4	1	55
4	1	56
4	1	57
4	1	58
4	1	59
4	1	60
4	1	61
4	1	62
4	1	63
4	1	64
4	1	65
4	1	66
4	1	67
4	1	68
4	1	69
4	1	70
4	1	71
4	1	72
4	1	73
4	1	74
4	1	75
4	1	76
4	1	77
4	1	78
4	1	79
4	1	80
4	1	81
4	1	82
4	1	83
4	1	84
4	1	85
4	1	86
4	1	87
4	1	88
4	1	89
4	1	90
4	1	91
4	1	92
4	1	93
4	1	94
4	1	95
4	1	96
4	1	97
4	1	98
4	1	99
4	1	100
4	1	101
4	1	102
4	1	103
4	1	104
4	1	105
4	1	106
4	1	107
4	1	108
4	1	109
4	1	110
4	1	111
4	1	112
4	1	113
4	1	114
4	1	115
4	1	116
4	1	117
4	1	118
4	1	119
4	1	120
4	1	121
4	1	122
4	1	123
4	1	124
4	1	125
4	1	127
4	1	128
4	2	1
4	2	2
4	2	3
4	2	4
4	2	5
4	2	6
4	2	7
4	2	8
4	2	9
4	2	10
4	2	11
4	2	12
4	2	13
4	2	14
4	2	15
4	2	16
4	2	17
4	2	18
4	2	19
4	2	20
4	2	21
4	2	22
4	2	23
4	2	24
4	2	25
4	2	26
4	2	27
4	2	28
4	2	29
4	2	30
4	2	31
4	2	32
4	2	33
4	2	34
4	2	35
4	2	36
4	2	37
4	2	38
4	2	39
4	2	40
4	2	41
4	2	42
4	2	43
4	2	44
4	2	45
4	2	46
4	2	47
4	2	48
4	2	49
4	2	50
4	2	51
4	2	52
4	2	53
4	2	54
4	2	55
4	2	56
4	2	57
4	2	58
4	2	59
4	2	60
4	2	61
4	2	62
4	2	63
4	2	64
4	2	65
4	2	66
4	2	67
4	2	68
4	2	69
4	2	70
4	2	71
4	2	72
4	2	73
4	2	74
4	2	75
4	2	76
4	2	77
4	2	78
4	2	79
4	2	80
4	2	81
4	2	82
4	2	83
4	2	84
4	2	85
4	2	86
4	2	87
4	2	88
4	2	89
4	2	90
4	2	91
4	2	92
4	2	93
4	2	94
4	2	96
4	2	97
4	2	98
4	2	99
4	2	100
4	2	101
4	2	102
4	2	103
4	2	104
4	2	105
4	2	106
4	2	107
4	2	108
4	2	109
4	2	110
4	2	111
4	2	112
4	2	113
4	2	114
4	2	115
4	2	116
4	2	117
4	2	118
4	2	119
4	2	120
4	2	121
4	2	122
4	2	123
4	2	124
4	2	125
4	2	126
4	2	127
4	2	128
4	3	1
4	3	2
4	3	3
4	3	4
4	3	5
4	3	6
4	3	7
4	3	8
4	3	9
4	3	10
4	3	11
4	3	12
4	3	13
4	3	14
4	3	15
4	3	16
4	3	17
4	3	18
4	3	19
4	3	20
4	3	21
4	3	22
4	3	23
4	3	24
4	3	25
4	3	26
4	3	27
4	3	28
4	3	29
4	3	30
4	3	31
4	3	32
4	3	33
4	3	34
4	3	35
4	3	36
4	3	37
4	3	38
4	3	39
4	3	40
4	3	41
4	3	42
4	3	43
4	3	44
4	3	45
4	3	46
4	3	47
4	3	48
4	3	49
4	3	50
4	3	51
4	3	52
4	3	53
4	3	54
4	3	55
4	3	56
4	3	57
4	3	58
4	3	59
4	3	60
4	3	61
4	3	62
4	3	63
4	3	64
4	3	65
4	3	66
4	3	67
4	3	68
4	3	69
4	3	70
4	3	71
4	3	72
4	3	73
4	3	74
4	3	75
4	3	76
4	3	77
4	3	78
4	3	79
4	3	80
4	3	81
4	3	82
4	3	83
4	3	84
4	3	85
4	3	86
4	3	87
4	3	88
4	3	89
4	3	90
4	3	91
4	3	92
4	3	93
4	3	94
4	3	95
4	3	96
4	3	97
4	3	98
4	3	99
4	3	100
4	3	101
4	3	102
4	3	103
4	3	104
4	3	105
4	3	106
4	3	107
4	3	108
4	3	109
4	3	110
4	3	111
4	3	112
4	3	113
4	3	114
4	3	115
4	3	116
4	3	117
4	3	118
4	3	119
4	3	120
4	3	121
4	3	122
4	3	123
4	3	124
4	3	125
4	3	126
4	3	127
4	3	128
5	1	1
5	1	3
5	1	4
5	1	5
5	1	6
5	1	7
5	1	8
5	1	9
5	1	10
5	1	11
5	1	12
5	1	13
5	1	14
5	1	15
5	1	16
5	1	17
5	1	18
5	1	19
5	1	20
5	1	21
5	1	22
5	1	23
5	1	24
5	1	25
5	1	26
5	1	27
5	1	28
5	1	29
5	1	30
5	1	31
5	1	32
5	1	33
5	1	34
5	1	35
5	1	36
5	1	37
5	1	38
5	1	39
5	1	40
5	1	41
5	1	42
5	1	43
5	1	44
5	1	45
5	1	46
5	1	47
5	1	48
5	1	49
5	1	50
5	1	51
5	1	52
5	1	53
5	1	54
5	1	56
5	1	57
5	1	58
5	1	59
5	1	60
5	1	61
5	1	62
5	1	63
5	1	64
5	1	65
5	1	66
5	1	67
5	1	68
5	1	69
5	1	70
5	1	71
5	1	72
5	1	73
5	1	74
5	1	75
5	1	76
5	1	77
5	1	78
5	1	79
5	1	80
5	1	81
5	1	82
5	1	83
5	1	84
5	1	85
5	1	86
5	1	87
5	1	88
5	1	89
5	1	90
5	1	91
5	1	92
5	1	93
5	1	94
5	1	95
5	1	96
5	1	97
5	1	98
5	1	99
5	1	100
5	1	101
5	1	102
5	1	103
5	1	104
5	1	105
5	1	106
5	1	107
5	1	108
5	1	109
5	1	110
5	1	111
5	1	112
5	1	113
5	1	114
5	1	115
5	1	116
5	1	117
5	1	118
5	1	119
5	1	120
5	1	121
5	1	122
5	1	123
5	1	124
5	1	125
5	1	126
5	1	127
5	1	128
5	2	1
5	2	2
5	2	3
5	2	4
5	2	5
5	2	6
5	2	7
5	2	8
5	2	9
5	2	10
5	2	11
5	2	12
5	2	13
5	2	14
5	2	15
5	2	16
5	2	17
5	2	18
5	2	19
5	2	20
5	2	21
5	2	22
5	2	23
5	2	24
5	2	25
5	2	26
5	2	27
5	2	28
5	2	29
5	2	30
5	2	31
5	2	32
5	2	33
5	2	34
5	2	35
5	2	36
5	2	37
5	2	38
5	2	39
5	2	40
5	2	41
5	2	42
5	2	43
5	2	44
5	2	45
5	2	46
5	2	47
5	2	48
5	2	49
5	2	50
5	2	51
5	2	52
5	2	53
5	2	54
5	2	55
5	2	56
5	2	57
5	2	58
5	2	59
5	2	60
5	2	61
5	2	62
5	2	63
5	2	64
5	2	65
5	2	66
5	2	67
5	2	68
5	2	69
5	2	70
5	2	71
5	2	72
5	2	73
5	2	74
5	2	75
5	2	76
5	2	77
5	2	78
5	2	79
5	2	80
5	2	81
5	2	82
5	2	83
5	2	84
5	2	85
5	2	86
5	2	87
5	2	88
5	2	89
5	2	90
5	2	91
5	2	92
5	2	93
5	2	94
5	2	95
5	2	96
5	2	97
5	2	98
5	2	99
5	2	100
5	2	101
5	2	102
5	2	103
5	2	104
5	2	105
5	2	106
5	2	107
5	2	108
5	2	109
5	2	110
5	2	111
5	2	112
5	2	113
5	2	114
5	2	115
5	2	116
5	2	117
5	2	118
5	2	119
5	2	120
5	2	121
5	2	122
5	2	123
5	2	124
5	2	125
5	2	126
5	2	127
5	2	128
5	3	8
5	3	9
5	3	10
5	3	11
5	3	12
5	3	13
5	3	14
5	3	15
5	3	16
5	3	17
5	3	18
5	3	19
5	3	20
5	3	21
5	3	22
5	3	23
5	3	24
5	3	25
5	3	26
5	3	27
5	3	28
5	3	29
5	3	30
5	3	31
5	3	32
5	3	33
5	3	34
5	3	35
5	3	36
5	3	37
5	3	38
5	3	39
5	3	40
5	3	41
5	3	42
5	3	43
5	3	44
5	3	45
5	3	46
5	3	47
5	3	48
5	3	49
5	3	50
5	3	51
5	3	52
5	3	53
5	3	54
5	3	55
5	3	56
5	3	57
5	3	58
5	3	59
5	3	60
5	3	61
5	3	62
5	3	63
5	3	64
5	3	65
5	3	66
5	3	67
5	3	68
5	3	69
5	3	70
5	3	71
5	3	72
5	3	73
5	3	74
5	3	75
5	3	76
5	3	77
5	3	78
5	3	79
5	3	80
5	3	81
5	3	82
5	3	83
5	3	84
5	3	85
5	3	86
5	3	87
5	3	88
5	3	89
5	3	90
5	3	91
5	3	92
5	3	93
5	3	94
5	3	95
5	3	96
5	3	97
5	3	98
5	3	99
5	3	100
5	3	101
5	3	102
5	3	103
5	3	104
5	3	105
5	3	106
5	3	107
5	3	108
5	3	109
5	3	110
5	3	111
5	3	112
5	3	113
5	3	114
5	3	115
5	3	116
5	3	117
5	3	118
5	3	119
5	3	120
5	3	121
5	3	122
5	3	123
5	3	124
5	3	125
5	3	126
5	3	127
5	3	128
6	1	1
6	1	3
6	1	4
6	1	5
6	1	6
6	1	7
6	1	8
6	1	9
6	1	10
6	1	11
6	1	12
6	1	13
6	1	14
6	1	15
6	1	16
6	1	17
6	1	18
6	1	19
6	1	20
6	1	21
6	1	22
6	1	23
6	1	24
6	1	25
6	1	26
6	1	27
6	1	28
6	1	29
6	1	30
6	1	31
6	1	32
6	1	33
6	1	34
6	1	35
6	1	36
6	1	37
6	1	38
6	1	39
6	1	40
6	1	41
6	1	42
6	1	43
6	1	44
6	1	45
6	1	46
6	1	47
6	1	48
6	1	49
6	1	50
6	1	51
6	1	52
6	1	53
6	1	54
6	1	55
6	1	56
6	1	57
6	1	58
6	1	59
6	1	60
6	1	61
6	1	62
6	1	63
6	1	64
6	1	65
6	1	66
6	1	67
6	1	68
6	1	69
6	1	70
6	1	71
6	1	72
6	1	73
6	1	74
6	1	75
6	1	76
6	1	77
6	1	78
6	1	79
6	1	80
6	1	81
6	1	82
6	1	83
6	1	84
6	1	85
6	1	86
6	1	87
6	1	88
6	1	89
6	1	90
6	1	91
6	1	92
6	1	93
6	1	94
6	1	95
6	1	96
6	1	97
6	1	98
6	1	99
6	1	100
6	1	101
6	1	102
6	1	103
6	1	104
6	1	105
6	1	106
6	1	107
6	1	108
6	1	109
6	1	110
6	1	111
6	1	112
6	1	113
6	1	114
6	1	115
6	1	116
6	1	117
6	1	118
6	1	119
6	1	120
6	1	121
6	1	122
6	1	123
6	1	124
6	1	125
6	1	126
6	1	127
6	1	128
6	2	1
6	2	2
6	2	3
6	2	4
6	2	5
6	2	6
6	2	7
6	2	8
6	2	9
6	2	10
6	2	11
6	2	12
6	2	13
6	2	14
6	2	15
6	2	16
6	2	17
6	2	18
6	2	19
6	2	20
6	2	21
6	2	22
6	2	23
6	2	24
6	2	25
6	2	26
6	2	27
6	2	28
6	2	29
6	2	30
6	2	31
6	2	32
6	2	33
6	2	34
6	2	35
6	2	36
6	2	37
6	2	38
6	2	39
6	2	40
6	2	41
6	2	42
6	2	43
6	2	44
6	2	45
6	2	46
6	2	47
6	2	48
6	2	49
6	2	50
6	2	51
6	2	52
6	2	53
6	2	54
6	2	55
6	2	56
6	2	57
6	2	58
6	2	59
6	2	60
6	2	61
6	2	62
6	2	63
6	2	64
6	2	65
6	2	66
6	2	67
6	2	68
6	2	69
6	2	70
6	2	71
6	2	72
6	2	73
6	2	74
6	2	75
6	2	76
6	2	77
6	2	78
6	2	79
6	2	80
6	2	81
6	2	82
6	2	83
6	2	84
6	2	85
6	2	86
6	2	87
6	2	88
6	2	89
6	2	90
6	2	91
6	2	92
6	2	93
6	2	94
6	2	95
6	2	96
6	2	97
6	2	98
6	2	99
6	2	100
6	2	101
6	2	102
6	2	103
6	2	104
6	2	105
6	2	106
6	2	107
6	2	108
6	2	109
6	2	110
6	2	111
6	2	112
6	2	113
6	2	114
6	2	115
6	2	116
6	2	117
6	2	118
6	2	119
6	2	120
6	2	121
6	2	122
6	2	123
6	2	124
6	2	125
6	2	126
6	2	127
6	2	128
6	3	1
6	3	2
6	3	3
6	3	4
6	3	5
6	3	6
6	3	7
6	3	8
6	3	9
6	3	10
6	3	11
6	3	12
6	3	13
6	3	14
6	3	15
6	3	16
6	3	17
6	3	18
6	3	19
6	3	20
6	3	21
6	3	22
6	3	23
6	3	24
6	3	25
6	3	26
6	3	27
6	3	28
6	3	29
6	3	30
6	3	31
6	3	32
6	3	33
6	3	34
6	3	35
6	3	36
6	3	37
6	3	38
6	3	39
6	3	40
6	3	41
6	3	42
6	3	43
6	3	44
6	3	45
6	3	46
6	3	47
6	3	48
6	3	49
6	3	50
6	3	51
6	3	52
6	3	53
6	3	54
6	3	55
6	3	56
6	3	57
6	3	58
6	3	59
6	3	60
6	3	61
6	3	62
6	3	63
6	3	64
6	3	65
6	3	66
6	3	67
6	3	68
6	3	69
6	3	70
6	3	71
6	3	72
6	3	73
6	3	74
6	3	75
6	3	76
6	3	77
6	3	78
6	3	79
6	3	80
6	3	81
6	3	82
6	3	83
6	3	84
6	3	85
6	3	86
6	3	87
6	3	88
6	3	89
6	3	90
6	3	91
6	3	92
6	3	93
6	3	94
6	3	95
6	3	96
6	3	97
6	3	98
6	3	99
6	3	100
6	3	101
6	3	102
6	3	103
6	3	104
6	3	105
6	3	106
6	3	107
6	3	108
6	3	109
6	3	110
6	3	111
6	3	112
6	3	113
6	3	114
6	3	115
6	3	116
6	3	117
6	3	118
6	3	119
6	3	120
6	3	121
6	3	122
6	3	123
6	3	124
6	3	125
6	3	126
6	3	127
6	3	128
7	1	1
7	1	3
7	1	4
7	1	5
7	1	6
7	1	7
7	1	8
7	1	9
7	1	10
7	1	11
7	1	12
7	1	13
7	1	14
7	1	15
7	1	16
7	1	17
7	1	18
7	1	19
7	1	20
7	1	21
7	1	22
7	1	23
7	1	24
7	1	25
7	1	26
7	1	27
7	1	28
7	1	29
7	1	30
7	1	31
7	1	32
7	1	33
7	1	34
7	1	35
7	1	36
7	1	37
7	1	38
7	1	39
7	1	40
7	1	41
7	1	42
7	1	43
7	1	44
7	1	45
7	1	46
7	1	47
7	1	48
7	1	49
7	1	50
7	1	51
7	1	52
7	1	61
7	1	62
7	1	63
7	1	64
7	1	65
7	1	66
7	1	67
7	1	68
7	1	69
7	1	70
7	1	71
7	1	72
7	1	73
7	1	74
7	1	75
7	1	76
7	1	77
7	1	78
7	1	79
7	1	81
7	1	82
7	1	83
7	1	84
7	1	85
7	1	86
7	1	87
7	1	88
7	1	89
7	1	90
7	1	91
7	1	92
7	1	93
7	1	94
7	1	95
7	1	96
7	1	97
7	1	98
7	1	99
7	1	100
7	1	101
7	1	102
7	1	103
7	1	104
7	1	105
7	1	106
7	1	107
7	1	108
7	1	109
7	1	110
7	1	111
7	1	112
7	1	113
7	1	114
7	1	115
7	1	116
7	1	117
7	1	118
7	1	119
7	1	120
7	1	121
7	1	122
7	1	123
7	1	124
7	1	125
7	1	126
7	1	127
7	1	128
7	2	1
7	2	2
7	2	3
7	2	4
7	2	5
7	2	6
7	2	7
7	2	8
7	2	9
7	2	10
7	2	11
7	2	12
7	2	13
7	2	14
7	2	15
7	2	16
7	2	17
7	2	18
7	2	19
7	2	20
7	2	21
7	2	22
7	2	23
7	2	24
7	2	25
7	2	26
7	2	27
7	2	28
7	2	29
7	2	30
7	2	31
7	2	32
7	2	33
7	2	34
7	2	35
7	2	36
7	2	37
7	2	38
7	2	39
7	2	40
7	2	41
7	2	42
7	2	43
7	2	44
7	2	45
7	2	46
7	2	47
7	2	48
7	2	49
7	2	50
7	2	51
7	2	52
7	2	53
7	2	54
7	2	55
7	2	56
7	2	57
7	2	58
7	2	59
7	2	60
7	2	61
7	2	62
7	2	63
7	2	64
7	2	65
7	2	66
7	2	67
7	2	68
7	2	69
7	2	70
7	2	71
7	2	72
7	2	73
7	2	74
7	2	75
7	2	76
7	2	77
7	2	78
7	2	79
7	2	80
7	2	81
7	2	82
7	2	83
7	2	84
7	2	85
7	2	86
7	2	87
7	2	88
7	2	89
7	2	90
7	2	91
7	2	92
7	2	93
7	2	94
7	2	95
7	2	96
7	2	97
7	2	98
7	2	99
7	2	100
7	2	101
7	2	102
7	2	103
7	2	104
7	2	105
7	2	106
7	2	107
7	2	108
7	2	109
7	2	110
7	2	111
7	2	112
7	2	113
7	2	114
7	2	115
7	2	116
7	2	117
7	2	118
7	2	119
7	2	120
7	2	121
7	2	122
7	2	123
7	2	124
7	2	125
7	2	126
7	2	127
7	2	128
7	3	1
7	3	2
7	3	3
7	3	4
7	3	5
7	3	6
7	3	7
7	3	8
7	3	9
7	3	10
7	3	11
7	3	12
7	3	13
7	3	14
7	3	15
7	3	16
7	3	17
7	3	18
7	3	19
7	3	20
7	3	21
7	3	22
7	3	23
7	3	24
7	3	25
7	3	26
7	3	27
7	3	28
7	3	29
7	3	30
7	3	31
7	3	32
7	3	33
7	3	34
7	3	35
7	3	36
7	3	37
7	3	38
7	3	39
7	3	40
7	3	41
7	3	42
7	3	43
7	3	44
7	3	45
7	3	46
7	3	47
7	3	48
7	3	49
7	3	50
7	3	51
7	3	52
7	3	53
7	3	54
7	3	55
7	3	56
7	3	57
7	3	58
7	3	59
7	3	60
7	3	61
7	3	62
7	3	63
7	3	64
7	3	65
7	3	66
7	3	67
7	3	68
7	3	69
7	3	70
7	3	71
7	3	72
7	3	73
7	3	74
7	3	75
7	3	76
7	3	77
7	3	78
7	3	79
7	3	80
7	3	81
7	3	82
7	3	83
7	3	84
7	3	85
7	3	86
7	3	87
7	3	88
7	3	89
7	3	90
7	3	91
7	3	92
7	3	93
7	3	94
7	3	95
7	3	96
7	3	97
7	3	98
7	3	99
7	3	100
7	3	101
7	3	102
7	3	103
7	3	104
7	3	105
7	3	106
7	3	107
7	3	108
7	3	109
7	3	110
7	3	111
7	3	112
7	3	113
7	3	114
7	3	115
7	3	116
7	3	117
7	3	118
7	3	119
7	3	120
7	3	121
7	3	122
7	3	123
7	3	124
7	3	125
7	3	126
7	3	127
7	3	128
8	1	1
8	1	2
8	1	3
8	1	4
8	1	5
8	1	6
8	1	7
8	1	8
8	1	9
8	1	10
8	1	11
8	1	12
8	1	13
8	1	14
8	1	15
8	1	16
8	1	17
8	1	18
8	1	19
8	1	20
8	1	21
8	1	22
8	1	23
8	1	25
8	1	26
8	1	27
8	1	28
8	1	30
8	1	31
8	1	33
8	1	34
8	1	35
8	1	36
8	1	37
8	1	38
8	1	39
8	1	40
8	1	41
8	1	42
8	1	43
8	1	44
8	1	45
8	1	46
8	1	47
8	1	48
8	1	49
8	1	50
8	1	51
8	1	52
8	1	53
8	1	54
8	1	55
8	1	56
8	1	57
8	1	58
8	1	59
8	1	60
8	1	61
8	1	62
8	1	63
8	1	64
8	1	65
8	1	67
8	1	68
8	1	69
8	1	70
8	1	71
8	1	72
8	1	73
8	1	74
8	1	75
8	1	76
8	1	77
8	1	78
8	1	79
8	1	80
8	1	81
8	1	82
8	1	83
8	1	84
8	1	85
8	1	86
8	1	87
8	1	88
8	1	89
8	1	90
8	1	91
8	1	92
8	1	93
8	1	94
8	1	95
8	1	96
8	1	97
8	1	98
8	1	99
8	1	100
8	1	101
8	1	102
8	1	103
8	1	104
8	1	105
8	1	106
8	1	107
8	1	108
8	1	109
8	1	110
8	1	111
8	1	112
8	1	113
8	1	114
8	1	115
8	1	116
8	1	117
8	1	118
8	1	119
8	1	120
8	1	121
8	1	122
8	1	123
8	1	124
8	1	125
8	1	126
8	1	127
8	1	128
8	2	1
8	2	2
8	2	3
8	2	4
8	2	5
8	2	6
8	2	7
8	2	10
8	2	11
8	2	12
8	2	13
8	2	14
8	2	15
8	2	16
8	2	17
8	2	18
8	2	19
8	2	20
8	2	21
8	2	22
8	2	23
8	2	24
8	2	25
8	2	26
8	2	27
8	2	28
8	2	29
8	2	30
8	2	31
8	2	32
8	2	33
8	2	34
8	2	35
8	2	36
8	2	37
8	2	38
8	2	39
8	2	40
8	2	41
8	2	42
8	2	43
8	2	44
8	2	45
8	2	46
8	2	47
8	2	48
8	2	49
8	2	50
8	2	51
8	2	52
8	2	53
8	2	54
8	2	55
8	2	56
8	2	57
8	2	58
8	2	59
8	2	60
8	2	61
8	2	62
8	2	63
8	2	64
8	2	65
8	2	66
8	2	67
8	2	68
8	2	69
8	2	70
8	2	71
8	2	72
8	2	73
8	2	74
8	2	75
8	2	76
8	2	77
8	2	78
8	2	79
8	2	80
8	2	81
8	2	82
8	2	83
8	2	84
8	2	85
8	2	86
8	2	87
8	2	88
8	2	89
8	2	90
8	2	91
8	2	92
8	2	93
8	2	94
8	2	95
8	2	96
8	2	97
8	2	98
8	2	99
8	2	100
8	2	101
8	2	102
8	2	103
8	2	104
8	2	105
8	2	106
8	2	107
8	2	108
8	2	109
8	2	110
8	2	111
8	2	112
8	2	113
8	2	114
8	2	115
8	2	116
8	2	117
8	2	118
8	2	119
8	2	120
8	2	121
8	2	122
8	2	123
8	2	124
8	2	125
8	2	126
8	2	127
8	2	128
8	3	1
8	3	2
8	3	3
8	3	4
8	3	5
8	3	6
8	3	7
8	3	8
8	3	9
8	3	10
8	3	11
8	3	12
8	3	13
8	3	14
8	3	15
8	3	16
8	3	17
8	3	18
8	3	19
8	3	20
8	3	21
8	3	22
8	3	23
8	3	24
8	3	25
8	3	26
8	3	27
8	3	28
8	3	29
8	3	30
8	3	31
8	3	33
8	3	34
8	3	35
8	3	36
8	3	37
8	3	38
8	3	39
8	3	40
8	3	41
8	3	42
8	3	43
8	3	44
8	3	45
8	3	46
8	3	47
8	3	48
8	3	49
8	3	50
8	3	51
8	3	52
8	3	53
8	3	54
8	3	55
8	3	56
8	3	57
8	3	58
8	3	59
8	3	60
8	3	61
8	3	62
8	3	63
8	3	64
8	3	65
8	3	66
8	3	67
8	3	68
8	3	69
8	3	70
8	3	71
8	3	72
8	3	73
8	3	74
8	3	75
8	3	76
8	3	77
8	3	78
8	3	79
8	3	80
8	3	81
8	3	82
8	3	83
8	3	84
8	3	85
8	3	86
8	3	87
8	3	88
8	3	89
8	3	90
8	3	92
8	3	93
8	3	94
8	3	95
8	3	96
8	3	97
8	3	98
8	3	99
8	3	100
8	3	101
8	3	102
8	3	103
8	3	104
8	3	105
8	3	106
8	3	107
8	3	108
8	3	109
8	3	110
8	3	111
8	3	112
8	3	113
8	3	114
8	3	115
8	3	116
8	3	117
8	3	118
8	3	119
8	3	120
8	3	121
8	3	122
8	3	123
8	3	124
8	3	125
8	3	128
